"Id"	"Label"	"Image"	"ImageSeed"	"ImageShape"	"ImageCurviness"	"ImageType"	"TrialNum"	"TrialType"	"Block"	"BlockTrial"	"Condition"	"LabelType"	"Location"	"Approach"	"Retreat"	"SubCondition"	"CorrectResponse"
"1-3"	"ta:ka:ka"	"57-C-30-1"	"57"	"C"	"30"	"1"	1	"Training"	1	1	"2"	"P"	"Left"	"39"	"37"	"C"	"39"
"1-3"	"ta:ka:ka"	"118-C-20-2"	"118"	"C"	"20"	"2"	2	"Training"	1	2	"2"	"P"	"Left"	"39"	"37"	"C"	"39"
"1-3"	"ma:la:na"	"100-J-10-3"	"100"	"J"	"10"	"3"	3	"Training"	1	3	"2"	"S"	"Up"	"40"	"38"	"C"	"38"
"1-3"	"ta:ka:ka"	"19-C-20-4"	"19"	"C"	"20"	"4"	4	"Training"	1	4	"2"	"P"	"Down"	"38"	"40"	"C"	"38"
"1-3"	"ma:la:na"	"74-J-10-4"	"74"	"J"	"10"	"4"	5	"Training"	1	5	"2"	"S"	"Up"	"40"	"38"	"C"	"38"
"1-3"	"ma:la:na"	"93-J-0-1"	"93"	"J"	"0"	"1"	6	"Training"	1	6	"2"	"S"	"Down"	"38"	"40"	"C"	"40"
"1-3"	"ta:ka:ka"	"93-C-30-1"	"93"	"C"	"30"	"1"	7	"Training"	1	7	"2"	"P"	"Right"	"37"	"39"	"C"	"37"
"1-3"	"ta:ka:ka"	"74-C-20-4"	"74"	"C"	"20"	"4"	8	"Training"	1	8	"2"	"P"	"Right"	"37"	"39"	"C"	"37"
"1-3"	"ta:ka:ka"	"85-C-20-2"	"85"	"C"	"20"	"2"	9	"Training"	1	9	"2"	"P"	"Up"	"40"	"38"	"C"	"40"
"1-3"	"ma:la:na"	"111-J-10-3"	"111"	"J"	"10"	"3"	10	"Training"	1	10	"2"	"S"	"Down"	"38"	"40"	"C"	"40"
"1-3"	"ma:la:na"	"118-J-0-2"	"118"	"J"	"0"	"2"	11	"Training"	1	11	"2"	"S"	"Up"	"40"	"38"	"C"	"38"
"1-3"	"ta:ka:ka"	"100-C-30-3"	"100"	"C"	"30"	"3"	12	"Training"	1	12	"2"	"P"	"Right"	"37"	"39"	"C"	"37"
"1-3"	"ma:la:na"	"19-J-10-4"	"19"	"J"	"10"	"4"	13	"Training"	1	13	"2"	"S"	"Left"	"39"	"37"	"C"	"37"
"1-3"	"ma:la:na"	"85-J-0-2"	"85"	"J"	"0"	"2"	14	"Training"	1	14	"2"	"S"	"Right"	"37"	"39"	"C"	"39"
"1-3"	"ta:ka:ka"	"111-C-30-3"	"111"	"C"	"30"	"3"	15	"Training"	1	15	"2"	"P"	"Left"	"39"	"37"	"C"	"39"
"1-3"	"ma:la:na"	"57-J-0-1"	"57"	"J"	"0"	"1"	16	"Training"	1	16	"2"	"S"	"Down"	"38"	"40"	"C"	"40"
"1-3"	"ta:ka:ka"	"111-C-30-3"	"111"	"C"	"30"	"3"	17	"Training"	2	1	"2"	"P"	"Down"	"38"	"40"	"C"	"38"
"1-3"	"ta:ka:ka"	"118-C-20-2"	"118"	"C"	"20"	"2"	18	"Training"	2	2	"2"	"P"	"Up"	"40"	"38"	"C"	"40"
"1-3"	"ma:la:na"	"57-J-0-1"	"57"	"J"	"0"	"1"	19	"Training"	2	3	"2"	"S"	"Up"	"40"	"38"	"C"	"38"
"1-3"	"ta:ka:ka"	"93-C-30-1"	"93"	"C"	"30"	"1"	20	"Training"	2	4	"2"	"P"	"Down"	"38"	"40"	"C"	"38"
"1-3"	"ta:ka:ka"	"85-C-20-2"	"85"	"C"	"20"	"2"	21	"Training"	2	5	"2"	"P"	"Right"	"37"	"39"	"C"	"37"
"1-3"	"ma:la:na"	"19-J-10-4"	"19"	"J"	"10"	"4"	22	"Training"	2	6	"2"	"S"	"Down"	"38"	"40"	"C"	"40"
"1-3"	"ta:ka:ka"	"57-C-30-1"	"57"	"C"	"30"	"1"	23	"Training"	2	7	"2"	"P"	"Right"	"37"	"39"	"C"	"37"
"1-3"	"ma:la:na"	"118-J-0-2"	"118"	"J"	"0"	"2"	24	"Training"	2	8	"2"	"S"	"Up"	"40"	"38"	"C"	"38"
"1-3"	"ma:la:na"	"100-J-10-3"	"100"	"J"	"10"	"3"	25	"Training"	2	9	"2"	"S"	"Down"	"38"	"40"	"C"	"40"
"1-3"	"ta:ka:ka"	"74-C-20-4"	"74"	"C"	"20"	"4"	26	"Training"	2	10	"2"	"P"	"Left"	"39"	"37"	"C"	"39"
"1-3"	"ma:la:na"	"85-J-0-2"	"85"	"J"	"0"	"2"	27	"Training"	2	11	"2"	"S"	"Left"	"39"	"37"	"C"	"37"
"1-3"	"ma:la:na"	"111-J-10-3"	"111"	"J"	"10"	"3"	28	"Training"	2	12	"2"	"S"	"Right"	"37"	"39"	"C"	"39"
"1-3"	"ma:la:na"	"93-J-0-1"	"93"	"J"	"0"	"1"	29	"Training"	2	13	"2"	"S"	"Left"	"39"	"37"	"C"	"37"
"1-3"	"ta:ka:ka"	"100-C-30-3"	"100"	"C"	"30"	"3"	30	"Training"	2	14	"2"	"P"	"Right"	"37"	"39"	"C"	"37"
"1-3"	"ta:ka:ka"	"19-C-20-4"	"19"	"C"	"20"	"4"	31	"Training"	2	15	"2"	"P"	"Up"	"40"	"38"	"C"	"40"
"1-3"	"ma:la:na"	"74-J-10-4"	"74"	"J"	"10"	"4"	32	"Training"	2	16	"2"	"S"	"Left"	"39"	"37"	"C"	"37"
"1-3"	"ma:la:na"	"85-J-0-2"	"85"	"J"	"0"	"2"	33	"Training"	3	1	"2"	"S"	"Up"	"40"	"38"	"C"	"38"
"1-3"	"ta:ka:ka"	"100-C-30-3"	"100"	"C"	"30"	"3"	34	"Training"	3	2	"2"	"P"	"Right"	"37"	"39"	"C"	"37"
"1-3"	"ta:ka:ka"	"111-C-30-3"	"111"	"C"	"30"	"3"	35	"Training"	3	3	"2"	"P"	"Down"	"38"	"40"	"C"	"38"
"1-3"	"ta:ka:ka"	"74-C-20-4"	"74"	"C"	"20"	"4"	36	"Training"	3	4	"2"	"P"	"Right"	"37"	"39"	"C"	"37"
"1-3"	"ma:la:na"	"111-J-10-3"	"111"	"J"	"10"	"3"	37	"Training"	3	5	"2"	"S"	"Up"	"40"	"38"	"C"	"38"
"1-3"	"ta:ka:ka"	"19-C-20-4"	"19"	"C"	"20"	"4"	38	"Training"	3	6	"2"	"P"	"Down"	"38"	"40"	"C"	"38"
"1-3"	"ta:ka:ka"	"93-C-30-1"	"93"	"C"	"30"	"1"	39	"Training"	3	7	"2"	"P"	"Left"	"39"	"37"	"C"	"39"
"1-3"	"ta:ka:ka"	"57-C-30-1"	"57"	"C"	"30"	"1"	40	"Training"	3	8	"2"	"P"	"Left"	"39"	"37"	"C"	"39"
"1-3"	"ma:la:na"	"19-J-10-4"	"19"	"J"	"10"	"4"	41	"Training"	3	9	"2"	"S"	"Right"	"37"	"39"	"C"	"39"
"1-3"	"ma:la:na"	"93-J-0-1"	"93"	"J"	"0"	"1"	42	"Training"	3	10	"2"	"S"	"Right"	"37"	"39"	"C"	"39"
"1-3"	"ma:la:na"	"57-J-0-1"	"57"	"J"	"0"	"1"	43	"Training"	3	11	"2"	"S"	"Up"	"40"	"38"	"C"	"38"
"1-3"	"ma:la:na"	"74-J-10-4"	"74"	"J"	"10"	"4"	44	"Training"	3	12	"2"	"S"	"Down"	"38"	"40"	"C"	"40"
"1-3"	"ma:la:na"	"118-J-0-2"	"118"	"J"	"0"	"2"	45	"Training"	3	13	"2"	"S"	"Left"	"39"	"37"	"C"	"37"
"1-3"	"ma:la:na"	"100-J-10-3"	"100"	"J"	"10"	"3"	46	"Training"	3	14	"2"	"S"	"Down"	"38"	"40"	"C"	"40"
"1-3"	"ta:ka:ka"	"118-C-20-2"	"118"	"C"	"20"	"2"	47	"Training"	3	15	"2"	"P"	"Up"	"40"	"38"	"C"	"40"
"1-3"	"ta:ka:ka"	"85-C-20-2"	"85"	"C"	"20"	"2"	48	"Training"	3	16	"2"	"P"	"Left"	"39"	"37"	"C"	"39"
"1-3"	"ta:ka:ka"	"111-C-30-3"	"111"	"C"	"30"	"3"	49	"Training"	4	1	"2"	"P"	"Left"	"39"	"37"	"C"	"39"
"1-3"	"ma:la:na"	"111-J-10-3"	"111"	"J"	"10"	"3"	50	"Training"	4	2	"2"	"S"	"Down"	"38"	"40"	"C"	"40"
"1-3"	"ma:la:na"	"57-J-0-1"	"57"	"J"	"0"	"1"	51	"Training"	4	3	"2"	"S"	"Up"	"40"	"38"	"C"	"38"
"1-3"	"ma:la:na"	"118-J-0-2"	"118"	"J"	"0"	"2"	52	"Training"	4	4	"2"	"S"	"Left"	"39"	"37"	"C"	"37"
"1-3"	"ta:ka:ka"	"74-C-20-4"	"74"	"C"	"20"	"4"	53	"Training"	4	5	"2"	"P"	"Down"	"38"	"40"	"C"	"38"
"1-3"	"ma:la:na"	"74-J-10-4"	"74"	"J"	"10"	"4"	54	"Training"	4	6	"2"	"S"	"Left"	"39"	"37"	"C"	"37"
"1-3"	"ma:la:na"	"19-J-10-4"	"19"	"J"	"10"	"4"	55	"Training"	4	7	"2"	"S"	"Up"	"40"	"38"	"C"	"38"
"1-3"	"ma:la:na"	"93-J-0-1"	"93"	"J"	"0"	"1"	56	"Training"	4	8	"2"	"S"	"Down"	"38"	"40"	"C"	"40"
"1-3"	"ta:ka:ka"	"57-C-30-1"	"57"	"C"	"30"	"1"	57	"Training"	4	9	"2"	"P"	"Up"	"40"	"38"	"C"	"40"
"1-3"	"ta:ka:ka"	"19-C-20-4"	"19"	"C"	"20"	"4"	58	"Training"	4	10	"2"	"P"	"Right"	"37"	"39"	"C"	"37"
"1-3"	"ta:ka:ka"	"118-C-20-2"	"118"	"C"	"20"	"2"	59	"Training"	4	11	"2"	"P"	"Right"	"37"	"39"	"C"	"37"
"1-3"	"ta:ka:ka"	"100-C-30-3"	"100"	"C"	"30"	"3"	60	"Training"	4	12	"2"	"P"	"Down"	"38"	"40"	"C"	"38"
"1-3"	"ta:ka:ka"	"85-C-20-2"	"85"	"C"	"20"	"2"	61	"Training"	4	13	"2"	"P"	"Right"	"37"	"39"	"C"	"37"
"1-3"	"ma:la:na"	"85-J-0-2"	"85"	"J"	"0"	"2"	62	"Training"	4	14	"2"	"S"	"Left"	"39"	"37"	"C"	"37"
"1-3"	"ma:la:na"	"100-J-10-3"	"100"	"J"	"10"	"3"	63	"Training"	4	15	"2"	"S"	"Up"	"40"	"38"	"C"	"38"
"1-3"	"ta:ka:ka"	"93-C-30-1"	"93"	"C"	"30"	"1"	64	"Training"	4	16	"2"	"P"	"Right"	"37"	"39"	"C"	"37"
"1-3"	"ma:la:na"	"118-J-0-2"	"118"	"J"	"0"	"2"	65	"Training"	5	1	"2"	"S"	"Right"	"37"	"39"	"C"	"39"
"1-3"	"ta:ka:ka"	"57-C-30-1"	"57"	"C"	"30"	"1"	66	"Training"	5	2	"2"	"P"	"Left"	"39"	"37"	"C"	"39"
"1-3"	"ma:la:na"	"19-J-10-4"	"19"	"J"	"10"	"4"	67	"Training"	5	3	"2"	"S"	"Up"	"40"	"38"	"C"	"38"
"1-3"	"ta:ka:ka"	"93-C-30-1"	"93"	"C"	"30"	"1"	68	"Training"	5	4	"2"	"P"	"Right"	"37"	"39"	"C"	"37"
"1-3"	"ta:ka:ka"	"118-C-20-2"	"118"	"C"	"20"	"2"	69	"Training"	5	5	"2"	"P"	"Left"	"39"	"37"	"C"	"39"
"1-3"	"ta:ka:ka"	"19-C-20-4"	"19"	"C"	"20"	"4"	70	"Training"	5	6	"2"	"P"	"Left"	"39"	"37"	"C"	"39"
"1-3"	"ta:ka:ka"	"85-C-20-2"	"85"	"C"	"20"	"2"	71	"Training"	5	7	"2"	"P"	"Right"	"37"	"39"	"C"	"37"
"1-3"	"ta:ka:ka"	"111-C-30-3"	"111"	"C"	"30"	"3"	72	"Training"	5	8	"2"	"P"	"Down"	"38"	"40"	"C"	"38"
"1-3"	"ma:la:na"	"93-J-0-1"	"93"	"J"	"0"	"1"	73	"Training"	5	9	"2"	"S"	"Up"	"40"	"38"	"C"	"38"
"1-3"	"ma:la:na"	"100-J-10-3"	"100"	"J"	"10"	"3"	74	"Training"	5	10	"2"	"S"	"Up"	"40"	"38"	"C"	"38"
"1-3"	"ma:la:na"	"111-J-10-3"	"111"	"J"	"10"	"3"	75	"Training"	5	11	"2"	"S"	"Up"	"40"	"38"	"C"	"38"
"1-3"	"ma:la:na"	"57-J-0-1"	"57"	"J"	"0"	"1"	76	"Training"	5	12	"2"	"S"	"Right"	"37"	"39"	"C"	"39"
"1-3"	"ma:la:na"	"74-J-10-4"	"74"	"J"	"10"	"4"	77	"Training"	5	13	"2"	"S"	"Left"	"39"	"37"	"C"	"37"
"1-3"	"ta:ka:ka"	"74-C-20-4"	"74"	"C"	"20"	"4"	78	"Training"	5	14	"2"	"P"	"Down"	"38"	"40"	"C"	"38"
"1-3"	"ma:la:na"	"85-J-0-2"	"85"	"J"	"0"	"2"	79	"Training"	5	15	"2"	"S"	"Down"	"38"	"40"	"C"	"40"
"1-3"	"ta:ka:ka"	"100-C-30-3"	"100"	"C"	"30"	"3"	80	"Training"	5	16	"2"	"P"	"Down"	"38"	"40"	"C"	"38"
"1-3"	"ta:ka:ka"	"118-C-20-2"	"118"	"C"	"20"	"2"	81	"Training"	6	1	"2"	"P"	"Left"	"39"	"37"	"C"	"39"
"1-3"	"ma:la:na"	"19-J-10-4"	"19"	"J"	"10"	"4"	82	"Training"	6	2	"2"	"S"	"Down"	"38"	"40"	"C"	"40"
"1-3"	"ta:ka:ka"	"74-C-20-4"	"74"	"C"	"20"	"4"	83	"Training"	6	3	"2"	"P"	"Up"	"40"	"38"	"C"	"40"
"1-3"	"ma:la:na"	"93-J-0-1"	"93"	"J"	"0"	"1"	84	"Training"	6	4	"2"	"S"	"Up"	"40"	"38"	"C"	"38"
"1-3"	"ta:ka:ka"	"57-C-30-1"	"57"	"C"	"30"	"1"	85	"Training"	6	5	"2"	"P"	"Down"	"38"	"40"	"C"	"38"
"1-3"	"ma:la:na"	"100-J-10-3"	"100"	"J"	"10"	"3"	86	"Training"	6	6	"2"	"S"	"Right"	"37"	"39"	"C"	"39"
"1-3"	"ma:la:na"	"118-J-0-2"	"118"	"J"	"0"	"2"	87	"Training"	6	7	"2"	"S"	"Right"	"37"	"39"	"C"	"39"
"1-3"	"ma:la:na"	"57-J-0-1"	"57"	"J"	"0"	"1"	88	"Training"	6	8	"2"	"S"	"Down"	"38"	"40"	"C"	"40"
"1-3"	"ta:ka:ka"	"93-C-30-1"	"93"	"C"	"30"	"1"	89	"Training"	6	9	"2"	"P"	"Left"	"39"	"37"	"C"	"39"
"1-3"	"ta:ka:ka"	"100-C-30-3"	"100"	"C"	"30"	"3"	90	"Training"	6	10	"2"	"P"	"Left"	"39"	"37"	"C"	"39"
"1-3"	"ma:la:na"	"85-J-0-2"	"85"	"J"	"0"	"2"	91	"Training"	6	11	"2"	"S"	"Left"	"39"	"37"	"C"	"37"
"1-3"	"ma:la:na"	"111-J-10-3"	"111"	"J"	"10"	"3"	92	"Training"	6	12	"2"	"S"	"Down"	"38"	"40"	"C"	"40"
"1-3"	"ta:ka:ka"	"85-C-20-2"	"85"	"C"	"20"	"2"	93	"Training"	6	13	"2"	"P"	"Up"	"40"	"38"	"C"	"40"
"1-3"	"ma:la:na"	"74-J-10-4"	"74"	"J"	"10"	"4"	94	"Training"	6	14	"2"	"S"	"Up"	"40"	"38"	"C"	"38"
"1-3"	"ta:ka:ka"	"111-C-30-3"	"111"	"C"	"30"	"3"	95	"Training"	6	15	"2"	"P"	"Right"	"37"	"39"	"C"	"37"
"1-3"	"ta:ka:ka"	"19-C-20-4"	"19"	"C"	"20"	"4"	96	"Training"	6	16	"2"	"P"	"Right"	"37"	"39"	"C"	"37"
"1-3"	"ma:la:na"	"100-J-10-3"	"100"	"J"	"10"	"3"	97	"Training"	7	1	"2"	"S"	"Down"	"38"	"40"	"C"	"40"
"1-3"	"ma:la:na"	"74-J-10-4"	"74"	"J"	"10"	"4"	98	"Training"	7	2	"2"	"S"	"Up"	"40"	"38"	"C"	"38"
"1-3"	"ma:la:na"	"118-J-0-2"	"118"	"J"	"0"	"2"	99	"Training"	7	3	"2"	"S"	"Up"	"40"	"38"	"C"	"38"
"1-3"	"ma:la:na"	"111-J-10-3"	"111"	"J"	"10"	"3"	100	"Training"	7	4	"2"	"S"	"Left"	"39"	"37"	"C"	"37"
"1-3"	"ta:ka:ka"	"19-C-20-4"	"19"	"C"	"20"	"4"	101	"Training"	7	5	"2"	"P"	"Up"	"40"	"38"	"C"	"40"
"1-3"	"ta:ka:ka"	"57-C-30-1"	"57"	"C"	"30"	"1"	102	"Training"	7	6	"2"	"P"	"Down"	"38"	"40"	"C"	"38"
"1-3"	"ta:ka:ka"	"100-C-30-3"	"100"	"C"	"30"	"3"	103	"Training"	7	7	"2"	"P"	"Left"	"39"	"37"	"C"	"39"
"1-3"	"ta:ka:ka"	"118-C-20-2"	"118"	"C"	"20"	"2"	104	"Training"	7	8	"2"	"P"	"Left"	"39"	"37"	"C"	"39"
"1-3"	"ma:la:na"	"85-J-0-2"	"85"	"J"	"0"	"2"	105	"Training"	7	9	"2"	"S"	"Right"	"37"	"39"	"C"	"39"
"1-3"	"ta:ka:ka"	"93-C-30-1"	"93"	"C"	"30"	"1"	106	"Training"	7	10	"2"	"P"	"Up"	"40"	"38"	"C"	"40"
"1-3"	"ma:la:na"	"93-J-0-1"	"93"	"J"	"0"	"1"	107	"Training"	7	11	"2"	"S"	"Down"	"38"	"40"	"C"	"40"
"1-3"	"ma:la:na"	"57-J-0-1"	"57"	"J"	"0"	"1"	108	"Training"	7	12	"2"	"S"	"Right"	"37"	"39"	"C"	"39"
"1-3"	"ta:ka:ka"	"74-C-20-4"	"74"	"C"	"20"	"4"	109	"Training"	7	13	"2"	"P"	"Right"	"37"	"39"	"C"	"37"
"1-3"	"ta:ka:ka"	"111-C-30-3"	"111"	"C"	"30"	"3"	110	"Training"	7	14	"2"	"P"	"Left"	"39"	"37"	"C"	"39"
"1-3"	"ta:ka:ka"	"85-C-20-2"	"85"	"C"	"20"	"2"	111	"Training"	7	15	"2"	"P"	"Right"	"37"	"39"	"C"	"37"
"1-3"	"ma:la:na"	"19-J-10-4"	"19"	"J"	"10"	"4"	112	"Training"	7	16	"2"	"S"	"Down"	"38"	"40"	"C"	"40"
"1-3"	"ta:ka:ka"	"85-C-20-2"	"85"	"C"	"20"	"2"	113	"Training"	8	1	"2"	"P"	"Right"	"37"	"39"	"C"	"37"
"1-3"	"ma:la:na"	"111-J-10-3"	"111"	"J"	"10"	"3"	114	"Training"	8	2	"2"	"S"	"Up"	"40"	"38"	"C"	"38"
"1-3"	"ma:la:na"	"93-J-0-1"	"93"	"J"	"0"	"1"	115	"Training"	8	3	"2"	"S"	"Down"	"38"	"40"	"C"	"40"
"1-3"	"ma:la:na"	"118-J-0-2"	"118"	"J"	"0"	"2"	116	"Training"	8	4	"2"	"S"	"Left"	"39"	"37"	"C"	"37"
"1-3"	"ta:ka:ka"	"57-C-30-1"	"57"	"C"	"30"	"1"	117	"Training"	8	5	"2"	"P"	"Up"	"40"	"38"	"C"	"40"
"1-3"	"ta:ka:ka"	"19-C-20-4"	"19"	"C"	"20"	"4"	118	"Training"	8	6	"2"	"P"	"Down"	"38"	"40"	"C"	"38"
"1-3"	"ta:ka:ka"	"111-C-30-3"	"111"	"C"	"30"	"3"	119	"Training"	8	7	"2"	"P"	"Left"	"39"	"37"	"C"	"39"
"1-3"	"ta:ka:ka"	"93-C-30-1"	"93"	"C"	"30"	"1"	120	"Training"	8	8	"2"	"P"	"Up"	"40"	"38"	"C"	"40"
"1-3"	"ta:ka:ka"	"74-C-20-4"	"74"	"C"	"20"	"4"	121	"Training"	8	9	"2"	"P"	"Right"	"37"	"39"	"C"	"37"
"1-3"	"ma:la:na"	"19-J-10-4"	"19"	"J"	"10"	"4"	122	"Training"	8	10	"2"	"S"	"Up"	"40"	"38"	"C"	"38"
"1-3"	"ma:la:na"	"85-J-0-2"	"85"	"J"	"0"	"2"	123	"Training"	8	11	"2"	"S"	"Right"	"37"	"39"	"C"	"39"
"1-3"	"ma:la:na"	"100-J-10-3"	"100"	"J"	"10"	"3"	124	"Training"	8	12	"2"	"S"	"Right"	"37"	"39"	"C"	"39"
"1-3"	"ma:la:na"	"74-J-10-4"	"74"	"J"	"10"	"4"	125	"Training"	8	13	"2"	"S"	"Down"	"38"	"40"	"C"	"40"
"1-3"	"ta:ka:ka"	"100-C-30-3"	"100"	"C"	"30"	"3"	126	"Training"	8	14	"2"	"P"	"Left"	"39"	"37"	"C"	"39"
"1-3"	"ta:ka:ka"	"118-C-20-2"	"118"	"C"	"20"	"2"	127	"Training"	8	15	"2"	"P"	"Down"	"38"	"40"	"C"	"38"
"1-3"	"ma:la:na"	"57-J-0-1"	"57"	"J"	"0"	"1"	128	"Training"	8	16	"2"	"S"	"Left"	"39"	"37"	"C"	"37"
"1-3"	"ma:la:na"	"57-J-0-1"	"57"	"J"	"0"	"1"	129	"Training"	9	1	"2"	"S"	"Up"	"40"	"38"	"C"	"38"
"1-3"	"ta:ka:ka"	"85-C-20-2"	"85"	"C"	"20"	"2"	130	"Training"	9	2	"2"	"P"	"Left"	"39"	"37"	"C"	"39"
"1-3"	"ta:ka:ka"	"57-C-30-1"	"57"	"C"	"30"	"1"	131	"Training"	9	3	"2"	"P"	"Right"	"37"	"39"	"C"	"37"
"1-3"	"ma:la:na"	"19-J-10-4"	"19"	"J"	"10"	"4"	132	"Training"	9	4	"2"	"S"	"Down"	"38"	"40"	"C"	"40"
"1-3"	"ma:la:na"	"93-J-0-1"	"93"	"J"	"0"	"1"	133	"Training"	9	5	"2"	"S"	"Left"	"39"	"37"	"C"	"37"
"1-3"	"ma:la:na"	"85-J-0-2"	"85"	"J"	"0"	"2"	134	"Training"	9	6	"2"	"S"	"Right"	"37"	"39"	"C"	"39"
"1-3"	"ta:ka:ka"	"118-C-20-2"	"118"	"C"	"20"	"2"	135	"Training"	9	7	"2"	"P"	"Up"	"40"	"38"	"C"	"40"
"1-3"	"ma:la:na"	"74-J-10-4"	"74"	"J"	"10"	"4"	136	"Training"	9	8	"2"	"S"	"Down"	"38"	"40"	"C"	"40"
"1-3"	"ta:ka:ka"	"74-C-20-4"	"74"	"C"	"20"	"4"	137	"Training"	9	9	"2"	"P"	"Right"	"37"	"39"	"C"	"37"
"1-3"	"ma:la:na"	"111-J-10-3"	"111"	"J"	"10"	"3"	138	"Training"	9	10	"2"	"S"	"Right"	"37"	"39"	"C"	"39"
"1-3"	"ta:ka:ka"	"19-C-20-4"	"19"	"C"	"20"	"4"	139	"Training"	9	11	"2"	"P"	"Left"	"39"	"37"	"C"	"39"
"1-3"	"ma:la:na"	"118-J-0-2"	"118"	"J"	"0"	"2"	140	"Training"	9	12	"2"	"S"	"Up"	"40"	"38"	"C"	"38"
"1-3"	"ta:ka:ka"	"93-C-30-1"	"93"	"C"	"30"	"1"	141	"Training"	9	13	"2"	"P"	"Up"	"40"	"38"	"C"	"40"
"1-3"	"ta:ka:ka"	"100-C-30-3"	"100"	"C"	"30"	"3"	142	"Training"	9	14	"2"	"P"	"Down"	"38"	"40"	"C"	"38"
"1-3"	"ta:ka:ka"	"111-C-30-3"	"111"	"C"	"30"	"3"	143	"Training"	9	15	"2"	"P"	"Down"	"38"	"40"	"C"	"38"
"1-3"	"ma:la:na"	"100-J-10-3"	"100"	"J"	"10"	"3"	144	"Training"	9	16	"2"	"S"	"Left"	"39"	"37"	"C"	"37"
"1-3"	"ma:la:na"	"85-J-0-2"	"85"	"J"	"0"	"2"	1	"Testing"	1	1	"2"	"S"	"Down"	"38"	"40"	"C"	"40"
"1-3"	"ma:la:na"	"100-J-10-3"	"100"	"J"	"10"	"3"	2	"Testing"	1	2	"2"	"S"	"Right"	"37"	"39"	"C"	"39"
"1-3"	"ta:ka:ka"	"85-C-20-2"	"85"	"C"	"20"	"2"	3	"Testing"	1	3	"2"	"P"	"Down"	"38"	"40"	"C"	"38"
"1-3"	"ma:la:na"	"118-J-0-2"	"118"	"J"	"0"	"2"	4	"Testing"	1	4	"2"	"S"	"Up"	"40"	"38"	"C"	"38"
"1-3"	"ta:ka:ka"	"7-C-20-4"	"7"	"C"	"20"	"4"	5	"Testing"	1	5	"2"	"P"	"Up"	"40"	"38"	"C"	"40"
"1-3"	"ta:ka:ka"	"100-C-30-3"	"100"	"C"	"30"	"3"	6	"Testing"	1	6	"2"	"P"	"Up"	"40"	"38"	"C"	"40"
"1-3"	"ma:la:na"	"27-J-0-1"	"27"	"J"	"0"	"1"	7	"Testing"	1	7	"2"	"S"	"Left"	"39"	"37"	"C"	"37"
"1-3"	"ma:la:na"	"7-J-10-4"	"7"	"J"	"10"	"4"	8	"Testing"	1	8	"2"	"S"	"Right"	"37"	"39"	"C"	"39"
"1-3"	"ma:la:na"	"128-J-10-3"	"128"	"J"	"10"	"3"	9	"Testing"	1	9	"2"	"S"	"Left"	"39"	"37"	"C"	"37"
"1-3"	"ta:ka:ka"	"111-C-30-3"	"111"	"C"	"30"	"3"	10	"Testing"	1	10	"2"	"P"	"Left"	"39"	"37"	"C"	"39"
"1-3"	"ma:la:na"	"57-J-0-1"	"57"	"J"	"0"	"1"	11	"Testing"	1	11	"2"	"S"	"Right"	"37"	"39"	"C"	"39"
"1-3"	"ta:ka:ka"	"94-C-20-2"	"94"	"C"	"20"	"2"	12	"Testing"	1	12	"2"	"P"	"Down"	"38"	"40"	"C"	"38"
"1-3"	"ma:la:na"	"111-J-10-3"	"111"	"J"	"10"	"3"	13	"Testing"	1	13	"2"	"S"	"Right"	"37"	"39"	"C"	"39"
"1-3"	"ta:ka:ka"	"27-C-30-1"	"27"	"C"	"30"	"1"	14	"Testing"	1	14	"2"	"P"	"Right"	"37"	"39"	"C"	"37"
"1-3"	"ta:ka:ka"	"128-C-30-3"	"128"	"C"	"30"	"3"	15	"Testing"	1	15	"2"	"P"	"Up"	"40"	"38"	"C"	"40"
"1-3"	"ta:ka:ka"	"57-C-30-1"	"57"	"C"	"30"	"1"	16	"Testing"	1	16	"2"	"P"	"Left"	"39"	"37"	"C"	"39"
"1-3"	"ta:ka:ka"	"93-C-30-1"	"93"	"C"	"30"	"1"	17	"Testing"	1	17	"2"	"P"	"Down"	"38"	"40"	"C"	"38"
"1-3"	"ma:la:na"	"93-J-0-1"	"93"	"J"	"0"	"1"	18	"Testing"	1	18	"2"	"S"	"Up"	"40"	"38"	"C"	"38"
"1-3"	"ma:la:na"	"74-J-10-4"	"74"	"J"	"10"	"4"	19	"Testing"	1	19	"2"	"S"	"Down"	"38"	"40"	"C"	"40"
"1-3"	"ma:la:na"	"19-J-10-4"	"19"	"J"	"10"	"4"	20	"Testing"	1	20	"2"	"S"	"Down"	"38"	"40"	"C"	"40"
"1-3"	"ta:ka:ka"	"19-C-20-4"	"19"	"C"	"20"	"4"	21	"Testing"	1	21	"2"	"P"	"Left"	"39"	"37"	"C"	"39"
"1-3"	"ma:la:na"	"94-J-0-2"	"94"	"J"	"0"	"2"	22	"Testing"	1	22	"2"	"S"	"Up"	"40"	"38"	"C"	"38"
"1-3"	"ta:ka:ka"	"74-C-20-4"	"74"	"C"	"20"	"4"	23	"Testing"	1	23	"2"	"P"	"Right"	"37"	"39"	"C"	"37"
"1-3"	"ta:ka:ka"	"118-C-20-2"	"118"	"C"	"20"	"2"	24	"Testing"	1	24	"2"	"P"	"Left"	"39"	"37"	"C"	"39"
"1-3"	"ma:la:na"	"100-J-10-3"	"100"	"J"	"10"	"3"	25	"Testing"	2	1	"2"	"S"	"Up"	"40"	"38"	"C"	"38"
"1-3"	"ta:ka:ka"	"57-C-30-1"	"57"	"C"	"30"	"1"	26	"Testing"	2	2	"2"	"P"	"Up"	"40"	"38"	"C"	"40"
"1-3"	"ta:ka:ka"	"85-C-20-2"	"85"	"C"	"20"	"2"	27	"Testing"	2	3	"2"	"P"	"Down"	"38"	"40"	"C"	"38"
"1-3"	"ta:ka:ka"	"93-C-30-1"	"93"	"C"	"30"	"1"	28	"Testing"	2	4	"2"	"P"	"Right"	"37"	"39"	"C"	"37"
"1-3"	"ta:ka:ka"	"74-C-20-4"	"74"	"C"	"20"	"4"	29	"Testing"	2	5	"2"	"P"	"Right"	"37"	"39"	"C"	"37"
"1-3"	"ta:ka:ka"	"27-C-30-1"	"27"	"C"	"30"	"1"	30	"Testing"	2	6	"2"	"P"	"Down"	"38"	"40"	"C"	"38"
"1-3"	"ma:la:na"	"128-J-10-3"	"128"	"J"	"10"	"3"	31	"Testing"	2	7	"2"	"S"	"Left"	"39"	"37"	"C"	"37"
"1-3"	"ma:la:na"	"93-J-0-1"	"93"	"J"	"0"	"1"	32	"Testing"	2	8	"2"	"S"	"Left"	"39"	"37"	"C"	"37"
"1-3"	"ma:la:na"	"7-J-10-4"	"7"	"J"	"10"	"4"	33	"Testing"	2	9	"2"	"S"	"Right"	"37"	"39"	"C"	"39"
"1-3"	"ma:la:na"	"111-J-10-3"	"111"	"J"	"10"	"3"	34	"Testing"	2	10	"2"	"S"	"Left"	"39"	"37"	"C"	"37"
"1-3"	"ta:ka:ka"	"7-C-20-4"	"7"	"C"	"20"	"4"	35	"Testing"	2	11	"2"	"P"	"Down"	"38"	"40"	"C"	"38"
"1-3"	"ma:la:na"	"19-J-10-4"	"19"	"J"	"10"	"4"	36	"Testing"	2	12	"2"	"S"	"Down"	"38"	"40"	"C"	"40"
"1-3"	"ta:ka:ka"	"94-C-20-2"	"94"	"C"	"20"	"2"	37	"Testing"	2	13	"2"	"P"	"Up"	"40"	"38"	"C"	"40"
"1-3"	"ma:la:na"	"85-J-0-2"	"85"	"J"	"0"	"2"	38	"Testing"	2	14	"2"	"S"	"Left"	"39"	"37"	"C"	"37"
"1-3"	"ta:ka:ka"	"111-C-30-3"	"111"	"C"	"30"	"3"	39	"Testing"	2	15	"2"	"P"	"Up"	"40"	"38"	"C"	"40"
"1-3"	"ta:ka:ka"	"19-C-20-4"	"19"	"C"	"20"	"4"	40	"Testing"	2	16	"2"	"P"	"Right"	"37"	"39"	"C"	"37"
"1-3"	"ma:la:na"	"27-J-0-1"	"27"	"J"	"0"	"1"	41	"Testing"	2	17	"2"	"S"	"Down"	"38"	"40"	"C"	"40"
"1-3"	"ta:ka:ka"	"100-C-30-3"	"100"	"C"	"30"	"3"	42	"Testing"	2	18	"2"	"P"	"Left"	"39"	"37"	"C"	"39"
"1-3"	"ma:la:na"	"118-J-0-2"	"118"	"J"	"0"	"2"	43	"Testing"	2	19	"2"	"S"	"Left"	"39"	"37"	"C"	"37"
"1-3"	"ta:ka:ka"	"118-C-20-2"	"118"	"C"	"20"	"2"	44	"Testing"	2	20	"2"	"P"	"Up"	"40"	"38"	"C"	"40"
"1-3"	"ma:la:na"	"57-J-0-1"	"57"	"J"	"0"	"1"	45	"Testing"	2	21	"2"	"S"	"Right"	"37"	"39"	"C"	"39"
"1-3"	"ma:la:na"	"74-J-10-4"	"74"	"J"	"10"	"4"	46	"Testing"	2	22	"2"	"S"	"Right"	"37"	"39"	"C"	"39"
"1-3"	"ta:ka:ka"	"128-C-30-3"	"128"	"C"	"30"	"3"	47	"Testing"	2	23	"2"	"P"	"Down"	"38"	"40"	"C"	"38"
"1-3"	"ma:la:na"	"94-J-0-2"	"94"	"J"	"0"	"2"	48	"Testing"	2	24	"2"	"S"	"Up"	"40"	"38"	"C"	"38"
"1-3"	"ma:la:na"	"94-J-0-2"	"94"	"J"	"0"	"2"	49	"Testing"	3	1	"2"	"S"	"Up"	"40"	"38"	"C"	"38"
"1-3"	"ta:ka:ka"	"100-C-30-3"	"100"	"C"	"30"	"3"	50	"Testing"	3	2	"2"	"P"	"Down"	"38"	"40"	"C"	"38"
"1-3"	"ma:la:na"	"57-J-0-1"	"57"	"J"	"0"	"1"	51	"Testing"	3	3	"2"	"S"	"Right"	"37"	"39"	"C"	"39"
"1-3"	"ma:la:na"	"19-J-10-4"	"19"	"J"	"10"	"4"	52	"Testing"	3	4	"2"	"S"	"Left"	"39"	"37"	"C"	"37"
"1-3"	"ma:la:na"	"100-J-10-3"	"100"	"J"	"10"	"3"	53	"Testing"	3	5	"2"	"S"	"Down"	"38"	"40"	"C"	"40"
"1-3"	"ta:ka:ka"	"7-C-20-4"	"7"	"C"	"20"	"4"	54	"Testing"	3	6	"2"	"P"	"Right"	"37"	"39"	"C"	"37"
"1-3"	"ta:ka:ka"	"57-C-30-1"	"57"	"C"	"30"	"1"	55	"Testing"	3	7	"2"	"P"	"Down"	"38"	"40"	"C"	"38"
"1-3"	"ta:ka:ka"	"27-C-30-1"	"27"	"C"	"30"	"1"	56	"Testing"	3	8	"2"	"P"	"Up"	"40"	"38"	"C"	"40"
"1-3"	"ma:la:na"	"93-J-0-1"	"93"	"J"	"0"	"1"	57	"Testing"	3	9	"2"	"S"	"Right"	"37"	"39"	"C"	"39"
"1-3"	"ta:ka:ka"	"85-C-20-2"	"85"	"C"	"20"	"2"	58	"Testing"	3	10	"2"	"P"	"Down"	"38"	"40"	"C"	"38"
"1-3"	"ta:ka:ka"	"74-C-20-4"	"74"	"C"	"20"	"4"	59	"Testing"	3	11	"2"	"P"	"Right"	"37"	"39"	"C"	"37"
"1-3"	"ta:ka:ka"	"118-C-20-2"	"118"	"C"	"20"	"2"	60	"Testing"	3	12	"2"	"P"	"Right"	"37"	"39"	"C"	"37"
"1-3"	"ma:la:na"	"74-J-10-4"	"74"	"J"	"10"	"4"	61	"Testing"	3	13	"2"	"S"	"Left"	"39"	"37"	"C"	"37"
"1-3"	"ma:la:na"	"118-J-0-2"	"118"	"J"	"0"	"2"	62	"Testing"	3	14	"2"	"S"	"Left"	"39"	"37"	"C"	"37"
"1-3"	"ta:ka:ka"	"19-C-20-4"	"19"	"C"	"20"	"4"	63	"Testing"	3	15	"2"	"P"	"Down"	"38"	"40"	"C"	"38"
"1-3"	"ta:ka:ka"	"128-C-30-3"	"128"	"C"	"30"	"3"	64	"Testing"	3	16	"2"	"P"	"Left"	"39"	"37"	"C"	"39"
"1-3"	"ma:la:na"	"111-J-10-3"	"111"	"J"	"10"	"3"	65	"Testing"	3	17	"2"	"S"	"Up"	"40"	"38"	"C"	"38"
"1-3"	"ma:la:na"	"7-J-10-4"	"7"	"J"	"10"	"4"	66	"Testing"	3	18	"2"	"S"	"Up"	"40"	"38"	"C"	"38"
"1-3"	"ta:ka:ka"	"93-C-30-1"	"93"	"C"	"30"	"1"	67	"Testing"	3	19	"2"	"P"	"Down"	"38"	"40"	"C"	"38"
"1-3"	"ma:la:na"	"85-J-0-2"	"85"	"J"	"0"	"2"	68	"Testing"	3	20	"2"	"S"	"Right"	"37"	"39"	"C"	"39"
"1-3"	"ma:la:na"	"128-J-10-3"	"128"	"J"	"10"	"3"	69	"Testing"	3	21	"2"	"S"	"Up"	"40"	"38"	"C"	"38"
"1-3"	"ma:la:na"	"27-J-0-1"	"27"	"J"	"0"	"1"	70	"Testing"	3	22	"2"	"S"	"Left"	"39"	"37"	"C"	"37"
"1-3"	"ta:ka:ka"	"111-C-30-3"	"111"	"C"	"30"	"3"	71	"Testing"	3	23	"2"	"P"	"Left"	"39"	"37"	"C"	"39"
"1-3"	"ta:ka:ka"	"94-C-20-2"	"94"	"C"	"20"	"2"	72	"Testing"	3	24	"2"	"P"	"Up"	"40"	"38"	"C"	"40"
"1-3"	"ta:ka:ka"	"85-C-20-2"	"85"	"C"	"20"	"2"	73	"Testing"	4	1	"2"	"P"	"Down"	"38"	"40"	"C"	"38"
"1-3"	"ta:ka:ka"	"100-C-30-3"	"100"	"C"	"30"	"3"	74	"Testing"	4	2	"2"	"P"	"Up"	"40"	"38"	"C"	"40"
"1-3"	"ta:ka:ka"	"57-C-30-1"	"57"	"C"	"30"	"1"	75	"Testing"	4	3	"2"	"P"	"Up"	"40"	"38"	"C"	"40"
"1-3"	"ma:la:na"	"128-J-10-3"	"128"	"J"	"10"	"3"	76	"Testing"	4	4	"2"	"S"	"Up"	"40"	"38"	"C"	"38"
"1-3"	"ta:ka:ka"	"128-C-30-3"	"128"	"C"	"30"	"3"	77	"Testing"	4	5	"2"	"P"	"Down"	"38"	"40"	"C"	"38"
"1-3"	"ma:la:na"	"93-J-0-1"	"93"	"J"	"0"	"1"	78	"Testing"	4	6	"2"	"S"	"Up"	"40"	"38"	"C"	"38"
"1-3"	"ma:la:na"	"27-J-0-1"	"27"	"J"	"0"	"1"	79	"Testing"	4	7	"2"	"S"	"Right"	"37"	"39"	"C"	"39"
"1-3"	"ma:la:na"	"7-J-10-4"	"7"	"J"	"10"	"4"	80	"Testing"	4	8	"2"	"S"	"Left"	"39"	"37"	"C"	"37"
"1-3"	"ma:la:na"	"111-J-10-3"	"111"	"J"	"10"	"3"	81	"Testing"	4	9	"2"	"S"	"Left"	"39"	"37"	"C"	"37"
"1-3"	"ta:ka:ka"	"19-C-20-4"	"19"	"C"	"20"	"4"	82	"Testing"	4	10	"2"	"P"	"Left"	"39"	"37"	"C"	"39"
"1-3"	"ta:ka:ka"	"118-C-20-2"	"118"	"C"	"20"	"2"	83	"Testing"	4	11	"2"	"P"	"Down"	"38"	"40"	"C"	"38"
"1-3"	"ma:la:na"	"74-J-10-4"	"74"	"J"	"10"	"4"	84	"Testing"	4	12	"2"	"S"	"Left"	"39"	"37"	"C"	"37"
"1-3"	"ta:ka:ka"	"94-C-20-2"	"94"	"C"	"20"	"2"	85	"Testing"	4	13	"2"	"P"	"Right"	"37"	"39"	"C"	"37"
"1-3"	"ma:la:na"	"100-J-10-3"	"100"	"J"	"10"	"3"	86	"Testing"	4	14	"2"	"S"	"Left"	"39"	"37"	"C"	"37"
"1-3"	"ta:ka:ka"	"7-C-20-4"	"7"	"C"	"20"	"4"	87	"Testing"	4	15	"2"	"P"	"Right"	"37"	"39"	"C"	"37"
"1-3"	"ma:la:na"	"94-J-0-2"	"94"	"J"	"0"	"2"	88	"Testing"	4	16	"2"	"S"	"Left"	"39"	"37"	"C"	"37"
"1-3"	"ma:la:na"	"118-J-0-2"	"118"	"J"	"0"	"2"	89	"Testing"	4	17	"2"	"S"	"Right"	"37"	"39"	"C"	"39"
"1-3"	"ta:ka:ka"	"74-C-20-4"	"74"	"C"	"20"	"4"	90	"Testing"	4	18	"2"	"P"	"Up"	"40"	"38"	"C"	"40"
"1-3"	"ta:ka:ka"	"27-C-30-1"	"27"	"C"	"30"	"1"	91	"Testing"	4	19	"2"	"P"	"Right"	"37"	"39"	"C"	"37"
"1-3"	"ma:la:na"	"85-J-0-2"	"85"	"J"	"0"	"2"	92	"Testing"	4	20	"2"	"S"	"Up"	"40"	"38"	"C"	"38"
"1-3"	"ta:ka:ka"	"93-C-30-1"	"93"	"C"	"30"	"1"	93	"Testing"	4	21	"2"	"P"	"Down"	"38"	"40"	"C"	"38"
"1-3"	"ma:la:na"	"57-J-0-1"	"57"	"J"	"0"	"1"	94	"Testing"	4	22	"2"	"S"	"Right"	"37"	"39"	"C"	"39"
"1-3"	"ma:la:na"	"19-J-10-4"	"19"	"J"	"10"	"4"	95	"Testing"	4	23	"2"	"S"	"Down"	"38"	"40"	"C"	"40"
"1-3"	"ta:ka:ka"	"111-C-30-3"	"111"	"C"	"30"	"3"	96	"Testing"	4	24	"2"	"P"	"Down"	"38"	"40"	"C"	"38"
